0.000000000000000000e+00
1.794871794871794879e-01
3.589743589743589758e-01
5.384615384615384359e-01
7.179487179487179516e-01
8.974358974358974672e-01
1.076923076923076872e+00
1.256410256410256387e+00
1.435897435897435903e+00
1.615384615384615419e+00
1.794871794871794934e+00
1.974358974358974450e+00
2.153846153846153744e+00
2.333333333333333481e+00
2.512820512820512775e+00
2.692307692307692513e+00
2.871794871794871806e+00
3.051282051282051100e+00
3.230769230769230838e+00
3.410256410256410131e+00
3.589743589743589869e+00
3.769230769230769162e+00
3.948717948717948900e+00
4.128205128205128638e+00
4.307692307692307487e+00
4.487179487179487225e+00
4.666666666666666963e+00
4.846153846153845812e+00
5.025641025641025550e+00
5.205128205128205288e+00
5.384615384615385025e+00
5.564102564102563875e+00
5.743589743589743613e+00
5.923076923076923350e+00
6.102564102564102200e+00
6.282051282051281937e+00
6.461538461538461675e+00
6.641025641025641413e+00
6.820512820512820262e+00
7.000000000000000000e+00
7.000000000000000000e+00
7.358974358974358587e+00
7.717948717948718063e+00
8.076923076923076650e+00
8.435897435897436125e+00
8.794871794871795601e+00
9.153846153846153300e+00
9.512820512820512775e+00
9.871794871794872250e+00
1.023076923076922995e+01
1.058974358974358942e+01
1.094871794871794890e+01
1.130769230769230660e+01
1.166666666666666785e+01
1.202564102564102555e+01
1.238461538461538503e+01
1.274358974358974450e+01
1.310256410256410220e+01
1.346153846153846168e+01
1.382051282051282115e+01
1.417948717948717885e+01
1.453846153846153832e+01
1.489743589743589780e+01
1.525641025641025728e+01
1.561538461538461497e+01
1.597435897435897445e+01
1.633333333333333570e+01
1.669230769230769340e+01
1.705128205128205110e+01
1.741025641025640880e+01
1.776923076923077005e+01
1.812820512820512775e+01
1.848717948717948900e+01
1.884615384615384670e+01
1.920512820512820440e+01
1.956410256410256210e+01
1.992307692307692335e+01
2.028205128205128460e+01
2.064102564102564230e+01
2.100000000000000000e+01
2.100000000000000000e+01
2.135897435897435770e+01
2.171794871794871895e+01
2.207692307692307665e+01
2.243589743589743435e+01
2.279487179487179560e+01
2.315384615384615330e+01
2.351282051282051100e+01
2.387179487179487225e+01
2.423076923076922995e+01
2.458974358974359120e+01
2.494871794871794890e+01
2.530769230769230660e+01
2.566666666666666785e+01
2.602564102564102555e+01
2.638461538461538680e+01
2.674358974358974450e+01
2.710256410256410220e+01
2.746153846153845990e+01
2.782051282051282115e+01
2.817948717948717885e+01
2.853846153846154010e+01
2.889743589743589780e+01
2.925641025641025550e+01
2.961538461538461320e+01
2.997435897435897445e+01
3.033333333333333570e+01
3.069230769230769340e+01
3.105128205128205110e+01
3.141025641025640880e+01
3.176923076923077005e+01
3.212820512820512420e+01
3.248717948717948900e+01
3.284615384615384670e+01
3.320512820512820440e+01
3.356410256410256210e+01
3.392307692307691980e+01
3.428205128205128460e+01
3.464102564102564230e+01
3.500000000000000000e+01
3.500000000000000000e+01
3.517948717948718240e+01
3.535897435897435770e+01
3.553846153846154010e+01
3.571794871794871540e+01
3.589743589743589780e+01
3.607692307692308020e+01
3.625641025641025550e+01
3.643589743589743790e+01
3.661538461538461320e+01
3.679487179487179560e+01
3.697435897435897800e+01
3.715384615384615330e+01
3.733333333333333570e+01
3.751282051282051100e+01
3.769230769230769340e+01
3.787179487179486870e+01
3.805128205128205110e+01
3.823076923076923350e+01
3.841025641025640880e+01
3.858974358974359120e+01
3.876923076923076650e+01
3.894871794871794890e+01
3.912820512820513130e+01
3.930769230769230660e+01
3.948717948717948900e+01
3.966666666666666430e+01
3.984615384615384670e+01
4.002564102564102200e+01
4.020512820512820440e+01
4.038461538461538680e+01
4.056410256410256210e+01
4.074358974358974450e+01
4.092307692307691980e+01
4.110256410256410220e+01
4.128205128205128460e+01
4.146153846153845990e+01
4.164102564102564230e+01
4.182051282051281760e+01
4.200000000000000000e+01
4.200000000000000000e+01
4.217948717948718240e+01
4.235897435897435770e+01
4.253846153846154010e+01
4.271794871794871540e+01
4.289743589743589780e+01
4.307692307692308020e+01
4.325641025641025550e+01
4.343589743589743790e+01
4.361538461538461320e+01
4.379487179487179560e+01
4.397435897435897800e+01
4.415384615384615330e+01
4.433333333333333570e+01
4.451282051282051100e+01
4.469230769230769340e+01
4.487179487179486870e+01
4.505128205128205110e+01
4.523076923076923350e+01
4.541025641025640880e+01
4.558974358974359120e+01
4.576923076923076650e+01
4.594871794871794890e+01
4.612820512820513130e+01
4.630769230769230660e+01
4.648717948717948900e+01
4.666666666666666430e+01
4.684615384615384670e+01
4.702564102564102200e+01
4.720512820512820440e+01
4.738461538461538680e+01
4.756410256410256210e+01
4.774358974358974450e+01
4.792307692307691980e+01
4.810256410256410220e+01
4.828205128205128460e+01
4.846153846153845990e+01
4.864102564102564230e+01
4.882051282051281760e+01
4.900000000000000000e+01
4.900000000000000000e+01
4.917948717948718240e+01
4.935897435897435770e+01
4.953846153846154010e+01
4.971794871794871540e+01
4.989743589743589780e+01
5.007692307692308020e+01
5.025641025641025550e+01
5.043589743589743790e+01
5.061538461538461320e+01
5.079487179487179560e+01
5.097435897435897800e+01
5.115384615384615330e+01
5.133333333333333570e+01
5.151282051282051100e+01
5.169230769230769340e+01
5.187179487179486870e+01
5.205128205128205110e+01
5.223076923076923350e+01
5.241025641025640880e+01
5.258974358974359120e+01
5.276923076923076650e+01
5.294871794871794890e+01
5.312820512820513130e+01
5.330769230769230660e+01
5.348717948717948900e+01
5.366666666666666430e+01
5.384615384615384670e+01
5.402564102564102200e+01
5.420512820512820440e+01
5.438461538461538680e+01
5.456410256410256210e+01
5.474358974358974450e+01
5.492307692307691980e+01
5.510256410256410220e+01
5.528205128205128460e+01
5.546153846153845990e+01
5.564102564102564230e+01
5.582051282051281760e+01
5.600000000000000000e+01
5.600000000000000000e+01
5.617948717948718240e+01
5.635897435897435770e+01
5.653846153846154010e+01
5.671794871794871540e+01
5.689743589743589780e+01
5.707692307692308020e+01
5.725641025641025550e+01
5.743589743589743790e+01
5.761538461538461320e+01
5.779487179487179560e+01
5.797435897435897800e+01
5.815384615384615330e+01
5.833333333333333570e+01
5.851282051282051100e+01
5.869230769230769340e+01
5.887179487179486870e+01
5.905128205128205110e+01
5.923076923076923350e+01
5.941025641025640880e+01
5.958974358974359120e+01
5.976923076923076650e+01
5.994871794871794890e+01
6.012820512820513130e+01
6.030769230769230660e+01
6.048717948717948900e+01
6.066666666666666430e+01
6.084615384615384670e+01
6.102564102564102200e+01
6.120512820512820440e+01
6.138461538461538680e+01
6.156410256410256210e+01
6.174358974358974450e+01
6.192307692307691980e+01
6.210256410256410220e+01
6.228205128205128460e+01
6.246153846153845990e+01
6.264102564102564230e+01
6.282051282051281760e+01
6.300000000000000000e+01
6.300000000000000000e+01
6.317948717948718240e+01
6.335897435897435770e+01
6.353846153846154010e+01
6.371794871794871540e+01
6.389743589743589780e+01
6.407692307692308020e+01
6.425641025641026260e+01
6.443589743589743080e+01
6.461538461538461320e+01
6.479487179487179560e+01
6.497435897435897800e+01
6.515384615384616041e+01
6.533333333333332860e+01
6.551282051282051100e+01
6.569230769230769340e+01
6.587179487179487580e+01
6.605128205128204399e+01
6.623076923076922640e+01
6.641025641025640880e+01
6.658974358974359120e+01
6.676923076923077360e+01
6.694871794871795601e+01
6.712820512820512420e+01
6.730769230769230660e+01
6.748717948717948900e+01
6.766666666666667140e+01
6.784615384615383959e+01
6.802564102564102200e+01
6.820512820512820440e+01
6.838461538461538680e+01
6.856410256410256920e+01
6.874358974358973740e+01
6.892307692307691980e+01
6.910256410256410220e+01
6.928205128205128460e+01
6.946153846153846700e+01
6.964102564102563520e+01
6.982051282051281760e+01
7.000000000000000000e+01
7.000000000000000000e+01
7.017948717948718240e+01
7.035897435897436480e+01
7.053846153846153300e+01
7.071794871794871540e+01
7.089743589743589780e+01
7.107692307692308020e+01
7.125641025641026260e+01
7.143589743589743080e+01
7.161538461538461320e+01
7.179487179487179560e+01
7.197435897435897800e+01
7.215384615384616041e+01
7.233333333333332860e+01
7.251282051282051100e+01
7.269230769230769340e+01
7.287179487179487580e+01
7.305128205128204399e+01
7.323076923076922640e+01
7.341025641025640880e+01
7.358974358974359120e+01
7.376923076923077360e+01
7.394871794871795601e+01
7.412820512820512420e+01
7.430769230769230660e+01
7.448717948717948900e+01
7.466666666666667140e+01
7.484615384615383959e+01
7.502564102564102200e+01
7.520512820512820440e+01
7.538461538461538680e+01
7.556410256410256920e+01
7.574358974358973740e+01
7.592307692307691980e+01
7.610256410256410220e+01
7.628205128205128460e+01
7.646153846153846700e+01
7.664102564102563520e+01
7.682051282051281760e+01
7.700000000000000000e+01
7.700000000000000000e+01
7.717948717948718240e+01
7.735897435897436480e+01
7.753846153846153300e+01
7.771794871794871540e+01
7.789743589743589780e+01
7.807692307692308020e+01
7.825641025641026260e+01
7.843589743589743080e+01
7.861538461538461320e+01
7.879487179487179560e+01
7.897435897435897800e+01
7.915384615384616041e+01
7.933333333333332860e+01
7.951282051282051100e+01
7.969230769230769340e+01
7.987179487179487580e+01
8.005128205128204399e+01
8.023076923076922640e+01
8.041025641025640880e+01
8.058974358974359120e+01
8.076923076923077360e+01
8.094871794871795601e+01
8.112820512820512420e+01
8.130769230769230660e+01
8.148717948717948900e+01
8.166666666666667140e+01
8.184615384615383959e+01
8.202564102564102200e+01
8.220512820512820440e+01
8.238461538461538680e+01
8.256410256410256920e+01
8.274358974358973740e+01
8.292307692307691980e+01
8.310256410256410220e+01
8.328205128205128460e+01
8.346153846153846700e+01
8.364102564102563520e+01
8.382051282051281760e+01
8.400000000000000000e+01
8.400000000000000000e+01
8.417948717948718240e+01
8.435897435897436480e+01
8.453846153846153300e+01
8.471794871794871540e+01
8.489743589743589780e+01
8.507692307692308020e+01
8.525641025641026260e+01
8.543589743589743080e+01
8.561538461538461320e+01
8.579487179487179560e+01
8.597435897435897800e+01
8.615384615384616041e+01
8.633333333333332860e+01
8.651282051282051100e+01
8.669230769230769340e+01
8.687179487179487580e+01
8.705128205128204399e+01
8.723076923076922640e+01
8.741025641025640880e+01
8.758974358974359120e+01
8.776923076923077360e+01
8.794871794871795601e+01
8.812820512820512420e+01
8.830769230769230660e+01
8.848717948717948900e+01
8.866666666666667140e+01
8.884615384615383959e+01
8.902564102564102200e+01
8.920512820512820440e+01
8.938461538461538680e+01
8.956410256410256920e+01
8.974358974358973740e+01
8.992307692307691980e+01
9.010256410256410220e+01
9.028205128205128460e+01
9.046153846153846700e+01
9.064102564102563520e+01
9.082051282051281760e+01
9.100000000000000000e+01
9.100000000000000000e+01
9.117948717948718240e+01
9.135897435897436480e+01
9.153846153846153300e+01
9.171794871794871540e+01
9.189743589743589780e+01
9.207692307692308020e+01
9.225641025641026260e+01
9.243589743589743080e+01
9.261538461538461320e+01
9.279487179487179560e+01
9.297435897435897800e+01
9.315384615384616041e+01
9.333333333333332860e+01
9.351282051282051100e+01
9.369230769230769340e+01
9.387179487179487580e+01
9.405128205128204399e+01
9.423076923076922640e+01
9.441025641025640880e+01
9.458974358974359120e+01
9.476923076923077360e+01
9.494871794871795601e+01
9.512820512820512420e+01
9.530769230769230660e+01
9.548717948717948900e+01
9.566666666666667140e+01
9.584615384615383959e+01
9.602564102564102200e+01
9.620512820512820440e+01
9.638461538461538680e+01
9.656410256410256920e+01
9.674358974358973740e+01
9.692307692307691980e+01
9.710256410256410220e+01
9.728205128205128460e+01
9.746153846153846700e+01
9.764102564102563520e+01
9.782051282051281760e+01
9.800000000000000000e+01
9.800000000000000000e+01
9.817948717948718240e+01
9.835897435897436480e+01
9.853846153846153300e+01
9.871794871794871540e+01
9.889743589743589780e+01
9.907692307692308020e+01
9.925641025641026260e+01
9.943589743589743080e+01
9.961538461538461320e+01
9.979487179487179560e+01
9.997435897435897800e+01
1.001538461538461604e+02
1.003333333333333286e+02
1.005128205128205110e+02
1.006923076923076934e+02
1.008717948717948758e+02
1.010512820512820440e+02
1.012307692307692264e+02
1.014102564102564088e+02
1.015897435897435912e+02
1.017692307692307736e+02
1.019487179487179560e+02
1.021282051282051242e+02
1.023076923076923066e+02
1.024871794871794890e+02
1.026666666666666714e+02
1.028461538461538396e+02
1.030256410256410220e+02
1.032051282051282044e+02
1.033846153846153868e+02
1.035641025641025692e+02
1.037435897435897374e+02
1.039230769230769198e+02
1.041025641025641022e+02
1.042820512820512846e+02
1.044615384615384670e+02
1.046410256410256352e+02
1.048205128205128176e+02
1.050000000000000000e+02
